        1.823959937339315  -3.388782818394276E-004
        1.819885229522158  -1.471901286720367E-003
        1.815810278472017  -2.605058181201159E-003
        1.811735084183445  -3.738348977110562E-003
        1.807659646650982  -4.871773686270231E-003
        1.803583965869182  -6.005332320507151E-003
        1.799508041832590  -7.139024891648305E-003
        1.795431874535751  -8.272851411520676E-003
        1.791355463973224  -9.406811891949474E-003
        1.787278810139551  -1.054090634476346E-002
        1.783201913029287  -1.167513478179139E-002
        1.779124772636981  -1.280949721486202E-002
        1.775047388957188  -1.394399365580412E-002
        1.770969761984456  -1.507862411645000E-002
        1.766891891713344  -1.621338860863197E-002
        1.762813778138402  -1.734828714417880E-002
        1.758735421254185  -1.848331973492279E-002
        1.754656821055248  -1.961848639269626E-002
        1.750577977536146  -2.075378712933862E-002
        1.746498890691438  -2.188922195667686E-002
        1.742419560515679  -2.302479088654863E-002
        1.738339987003429  -2.416049393078801E-002
        1.734260170149242  -2.529633110123264E-002
        1.730180109947680  -2.643230240971839E-002
        1.726099806393300  -2.756840786808290E-002
        1.722019259480664  -2.870464748816382E-002
        1.717938469204331  -2.984102128179877E-002
        1.713857435558864  -3.097752926082897E-002
        1.709776158538825  -3.211417143709205E-002
        1.705694638138775  -3.325094782242744E-002
        1.701612874353277  -3.438785842867986E-002
        1.697530867176895  -3.552490326768520E-002
        1.693448616604194  -3.666208235128821E-002
        1.689366122629739  -3.779939569133362E-002
        1.685283385248094  -3.893684329966440E-002
        1.681200404453829  -4.007442518812354E-002
        1.677117180241507  -4.121214136855578E-002
        1.673033712605695  -4.234999185280408E-002
        1.668950001540962  -4.348797665272031E-002
        1.664866047041879  -4.462609578014387E-002
        1.660781849103013  -4.576434924692663E-002
        1.656697407718935  -4.690273706491688E-002
        1.652612722884214  -4.804125924595759E-002
        1.648527794593423  -4.917991580189884E-002
        1.644442622841132  -5.031870674459960E-002
        1.640357207621914  -5.145763208589749E-002
        1.636271548930343  -5.259669183765148E-002
        1.632185646760991  -5.373588601170987E-002
        1.628099501108432  -5.487521461992273E-002
        1.624013111967243  -5.601467767414725E-002
        1.619926479331994  -5.715427518622995E-002
        1.615839603197270  -5.829400716803512E-002
        1.611752483557640  -5.943387363140928E-002
        1.607665120407685  -6.057387458820962E-002
        1.603577513741983  -6.171401005028976E-002
        1.599489663555109  -6.285428002951221E-002
        1.595401569841646  -6.399468453772528E-002
        1.591313232596174  -6.513522358679502E-002
        1.587224651813269  -6.627589718857507E-002
        1.583135827487519  -6.741670535492439E-002
        1.579046759613498  -6.855764809770371E-002
        1.574957448185792  -6.969872542877020E-002
        1.570867893198984  -7.083993735998995E-002
        1.566778094647656  -7.198128390322189E-002
        1.562688052526394  -7.312276507032678E-002
        1.558597766829782  -7.426438087316534E-002
        1.554507237552407  -7.540613132360186E-002
        1.550416464688850  -7.654801643350417E-002
        1.546325448233702  -7.769003621473480E-002
        1.542234188181550  -7.883219067915626E-002
        1.538142684526980  -7.997447983863459E-002
        1.534050937264583  -8.111690370503943E-002
        1.529958946388945  -8.225946229023329E-002
        1.525866711894655  -8.340215560608755E-002
        1.521774233776309  -8.454498366446650E-002
        1.517681512028490  -8.568794647724154E-002
        1.513588546645797  -8.683104405628228E-002
        1.509495337622818  -8.797427641345479E-002
        1.505401884954145  -8.911764356063578E-002
        1.501308188634377  -9.026114550969133E-002
        1.497214248658103  -9.140478227249460E-002
        1.493120065019917  -9.254855386091876E-002
        1.489025637714418  -9.369246028683698E-002
        1.484930966736198  -9.483650156212420E-002
        1.480836052079856  -9.598067769865004E-002
        1.476740893739989  -9.712498870829300E-002
        1.472645491711195  -9.826943460292803E-002
        1.468549845988072  -9.941401539443540E-002
        1.464453956565217  -1.005587310946847E-001
        1.460357823437233  -1.017035817155545E-001
        1.456261446598719  -1.028485672689268E-001
        1.452164826044276  -1.039936877666765E-001
        1.448067961768503  -1.051389432206840E-001
        1.443970853766005  -1.062843336428312E-001
        1.439873502031383  -1.074298590449949E-001
        1.435775906559244  -1.085755194390554E-001
        1.431678067344187  -1.097213148369001E-001
        1.427579984380818  -1.108672452504091E-001
        1.423481657663745  -1.120133106914629E-001
        1.419383087187569  -1.131595111719452E-001
        1.415284272946902  -1.143058467037452E-001
        1.411185214936350  -1.154523172987396E-001
        1.407085913150514  -1.165989229688194E-001
        1.402986367584014  -1.177456637258718E-001
        1.398886578231450  -1.188925395817790E-001
        1.394786545087433  -1.200395505484284E-001
        1.390686268146574  -1.211866966377109E-001
        1.386585747403485  -1.223339778615120E-001
        1.382484982852776  -1.234813942317246E-001
        1.378383974489061  -1.246289457602341E-001
        1.374282722306950  -1.257766324589351E-001
        1.370181226301057  -1.269244543397168E-001
        1.366079486465999  -1.280724114144665E-001
        1.361977502796388  -1.292205036950822E-001
        1.357875275286840  -1.303687311934549E-001
        1.353772803931967  -1.315170939214791E-001
        1.349670088726392  -1.326655918910475E-001
        1.345567129664727  -1.338142251140511E-001
        1.341463926741591  -1.349629936023895E-001
        1.337360479951606  -1.361118973679574E-001
        1.333256789289385  -1.372609364226545E-001
        1.329152854749551  -1.384101107783717E-001
        1.325048676326726  -1.395594204470143E-001
        1.320944254015527  -1.407088654404713E-001
        1.316839587810577  -1.418584457706498E-001
        1.312734677706495  -1.430081614494458E-001
        1.308629523697910  -1.441580124887594E-001
        1.304524125779442  -1.453079989004902E-001
        1.300418483945714  -1.464581206965452E-001
        1.296312598191351  -1.476083778888189E-001
        1.292206468510981  -1.487587704892199E-001
        1.288100094899226  -1.499092985096500E-001
        1.283993477350714  -1.510599619620088E-001
        1.279886615860073  -1.522107608582086E-001
        1.275779510421929  -1.533616952101440E-001
        1.271672161030912  -1.545127650297324E-001
        1.267564567681651  -1.556639703288720E-001
        1.263456730368774  -1.568153111194750E-001
        1.259348649086913  -1.579667874134412E-001
        1.255240323830696  -1.591183992226863E-001
        1.251131754594757  -1.602701465591174E-001
        1.247022941373726  -1.614220294346449E-001
        1.242913884162241  -1.625740478611739E-001
        1.238804582954928  -1.637262018506203E-001
        1.234695037746425  -1.648784914148926E-001
        1.230585248531368  -1.660309165659033E-001
        1.226475215304389  -1.671834773155645E-001
        1.222364938060127  -1.683361736757902E-001
        1.218254416793215  -1.694890056584946E-001
        1.214143651498292  -1.706419732755915E-001
        1.210032642169995  -1.717950765389951E-001
        1.205921388802965  -1.729483154606211E-001
        1.201809891391837  -1.741016900523871E-001
        1.197698149931254  -1.752552003262036E-001
        1.193586164415856  -1.764088462939988E-001
        1.189473934840282  -1.775626279676832E-001
        1.185361461199173  -1.787165453591797E-001
        1.181248743487174  -1.798705984804059E-001
        1.177135781698925  -1.810247873432758E-001
        1.173022575829070  -1.821791119597211E-001
        1.168909125872255  -1.833335723416525E-001
        1.164795431823123  -1.844881685009998E-001
        1.160681493676321  -1.856429004496771E-001
        1.156567311426492  -1.867977681996198E-001
        1.152452885068284  -1.879527717627365E-001
        1.148338214596345  -1.891079111509626E-001
        1.144223300005322  -1.902631863762174E-001
        1.140108141289865  -1.914185974504274E-001
        1.135992738444619  -1.925741443855191E-001
        1.131877091464238  -1.937298271934189E-001
        1.127761200343370  -1.948856458860551E-001
        1.123645065076668  -1.960416004753558E-001
        1.119528685658780  -1.971976909732511E-001
        1.115412062084361  -1.983539173916622E-001
        1.111295194348065  -1.995102797425261E-001
        1.107178082444542  -2.006667780377729E-001
        1.103060726368449  -2.018234122893290E-001
        1.098943126114438  -2.029801825091315E-001
        1.094825281677168  -2.041370887091087E-001
        1.090707193051292  -2.052941309011942E-001
        1.086588860231469  -2.064513090973215E-001
        1.082470283212353  -2.076086233094276E-001
        1.078351461988604  -2.087660735494428E-001
        1.074232396554882  -2.099236598293057E-001
        1.070113086905842  -2.110813821609483E-001
        1.065993533036148  -2.122392405563094E-001
        1.061873734940459  -2.133972350273279E-001
        1.057753692613434  -2.145553655859391E-001
        1.053633406049738  -2.157136322440838E-001
        1.049512875244031  -2.168720350136972E-001
        1.045392100190978  -2.180305739067201E-001
        1.041271080885240  -2.191892489350966E-001
        1.037149817321482  -2.203480601107604E-001
        1.033028309494371  -2.215070074456609E-001
        1.028906557398569  -2.226660909517353E-001
        1.024784561028745  -2.238253106409225E-001
        1.020662320379565  -2.249846665251756E-001
        1.016539835445695  -2.261441586164317E-001
        1.012417106221805  -2.273037869266368E-001
        1.008294132702562  -2.284635514677369E-001
        1.004170914882635  -2.296234522516727E-001
        1.000047452756697  -2.307834892903991E-001
   9.959237463194142E-001  -2.319436625958584E-001
   9.917997955654632E-001  -2.331039721799950E-001
   9.876756004895106E-001  -2.342644180547637E-001
   9.835511610862293E-001  -2.354250002321070E-001
   9.794264773502959E-001  -2.365857187239815E-001
   9.753015492763824E-001  -2.377465735423296E-001
   9.711763768591633E-001  -2.389075646991099E-001
   9.670509600933106E-001  -2.400686922062612E-001
   9.629252989735040E-001  -2.412299560757489E-001
   9.587993934944170E-001  -2.423913563195210E-001
   9.546732436507290E-001  -2.435528929495288E-001
   9.505468494371152E-001  -2.447145659777235E-001
   9.464202108482551E-001  -2.458763754160653E-001
   9.422933278788277E-001  -2.470383212765075E-001
   9.381662005235103E-001  -2.482004035710013E-001
   9.340388287769847E-001  -2.493626223115104E-001
   9.299112126339311E-001  -2.505249775099792E-001
   9.257833520890331E-001  -2.516874691783819E-001
   9.216552471369686E-001  -2.528500973286665E-001
   9.175268977724216E-001  -2.540128619727895E-001
   9.133983039900784E-001  -2.551757631227147E-001
   9.092694657846183E-001  -2.563388007904059E-001
   9.051403831507279E-001  -2.575019749878091E-001
   9.010110560830922E-001  -2.586652857269058E-001
   8.968814845763979E-001  -2.598287330196385E-001
   8.927516686253298E-001  -2.609923168779815E-001
   8.886216082245755E-001  -2.621560373138916E-001
   8.844913033688233E-001  -2.633198943393378E-001
   8.803607540527594E-001  -2.644838879662785E-001
   8.762299602710759E-001  -2.656480182066829E-001
   8.720989220184607E-001  -2.668122850725148E-001
   8.679676392896023E-001  -2.679766885757378E-001
   8.638361120791944E-001  -2.691412287283210E-001
   8.597043403819280E-001  -2.703059055422319E-001
   8.555723241924935E-001  -2.714707190294394E-001
   8.514400635055877E-001  -2.726356692019092E-001
   8.473075583158982E-001  -2.738007560716120E-001
   8.431748086181239E-001  -2.749659796505153E-001
   8.390418144069547E-001  -2.761313399505916E-001
   8.349085756770902E-001  -2.772968369838118E-001
   8.307750924232242E-001  -2.784624707621433E-001
   8.266413646400557E-001  -2.796282412975693E-001
   8.225073923222781E-001  -2.807941486020518E-001
   8.183731754645918E-001  -2.819601926875652E-001
   8.142387140616954E-001  -2.831263735660876E-001
   8.101040081082864E-001  -2.842926912495916E-001
   8.059690575990659E-001  -2.854591457500515E-001
   8.018338625287338E-001  -2.866257370794454E-001
   7.976984228919917E-001  -2.877924652497477E-001
   7.935627386835418E-001  -2.889593302729363E-001
   7.894268098980823E-001  -2.901263321609839E-001
   7.852906365303227E-001  -2.912934709258810E-001
   7.811542185749620E-001  -2.924607465795965E-001
   7.770175560267041E-001  -2.936281591341103E-001
   7.728806488802564E-001  -2.947957086014039E-001
   7.687434971303244E-001  -2.959633949934606E-001
   7.646061007716116E-001  -2.971312183222601E-001
   7.604684597988272E-001  -2.982991785997857E-001
   7.563305742066777E-001  -2.994672758380155E-001
   7.521924439898708E-001  -3.006355100489362E-001
   7.480540691431179E-001  -3.018038812445347E-001
   7.439154496611222E-001  -3.029723894367873E-001
   7.397765855386003E-001  -3.041410346376807E-001
   7.356374767702614E-001  -3.053098168592108E-001
   7.314981233508122E-001  -3.064787361133501E-001
   7.273585252749697E-001  -3.076477924120962E-001
   7.232186825374438E-001  -3.088169857674288E-001
   7.190785951329495E-001  -3.099863161913401E-001
   7.149382630561985E-001  -3.111557836958152E-001
   7.107976863019068E-001  -3.123253882928516E-001
   7.066568648647880E-001  -3.134951299944291E-001
   7.025157987395596E-001  -3.146650088125433E-001
   6.983744879209373E-001  -3.158350247591848E-001
   6.942329324036378E-001  -3.170051778463456E-001
   6.900911321823795E-001  -3.181754680860163E-001
   6.859490872518792E-001  -3.193458954901978E-001
   6.818067976068587E-001  -3.205164600708734E-001
   6.776642632420331E-001  -3.216871618400372E-001
   6.735214841521260E-001  -3.228580008096937E-001
   6.693784603318578E-001  -3.240289769918299E-001
   6.652351917759507E-001  -3.252000903984449E-001
   6.610916784791234E-001  -3.263713410415328E-001
   6.569479204361024E-001  -3.275427289330963E-001
   6.528039176416109E-001  -3.287142540851313E-001
   6.486596700903702E-001  -3.298859165096317E-001
   6.445151777771070E-001  -3.310577162186021E-001
   6.403704406965463E-001  -3.322296532240401E-001
   6.362254588434140E-001  -3.334017275379448E-001
   6.320802322124353E-001  -3.345739391723175E-001
   6.279347607983408E-001  -3.357462881391609E-001
   6.237890445958563E-001  -3.369187744504778E-001
   6.196430835997100E-001  -3.380913981182729E-001
   6.154968778046315E-001  -3.392641591545438E-001
   6.113504272053532E-001  -3.404370575713003E-001
   6.072037317966001E-001  -3.416100933805435E-001
   6.030567915731078E-001  -3.427832665942745E-001
   5.989096065296053E-001  -3.439565772245068E-001
   5.947621766608275E-001  -3.451300252832468E-001
   5.906145019615081E-001  -3.463036107824955E-001
   5.864665824263768E-001  -3.474773337342647E-001
   5.823184180501702E-001  -3.486511941505643E-001
   5.781700088276238E-001  -3.498251920433990E-001
   5.740213547534732E-001  -3.509993274247787E-001
   5.698724558224533E-001  -3.521736003067204E-001
   5.657233120293019E-001  -3.533480107012217E-001
   5.615739233687564E-001  -3.545225586203067E-001
   5.574242898355555E-001  -3.556972440759836E-001
   5.532744114244370E-001  -3.568720670802623E-001
   5.491242881301406E-001  -3.580470276451582E-001
   5.449739199474069E-001  -3.592221257826811E-001
   5.408233068709767E-001  -3.603973615048517E-001
   5.366724488955921E-001  -3.615727348236799E-001
   5.325213460159937E-001  -3.627482457511828E-001
   5.283699982269232E-001  -3.639238942993810E-001
   5.242184055231265E-001  -3.650996804802844E-001
   5.200665678993484E-001  -3.662756043059154E-001
   5.159144853503299E-001  -3.674516657882911E-001
   5.117621578708183E-001  -3.686278649394232E-001
   5.076095854555616E-001  -3.698042017713501E-001
   5.034567680993007E-001  -3.709806762960675E-001
   4.993037057967886E-001  -3.721572885256137E-001
   4.951503985427697E-001  -3.733340384720005E-001
   4.909968463319940E-001  -3.745109261472557E-001
   4.868430491592102E-001  -3.756879515633980E-001
   4.826890070191676E-001  -3.768651147324462E-001
   4.785347199066179E-001  -3.780424156664335E-001
   4.743801878163096E-001  -3.792198543773750E-001
   4.702254107429980E-001  -3.803974308773057E-001
   4.660703886814328E-001  -3.815751451782425E-001
   4.619151216263697E-001  -3.827529972922150E-001
   4.577596095725591E-001  -3.839309872312509E-001
   4.536038525147570E-001  -3.851091150073707E-001
   4.494478504477182E-001  -3.862873806326128E-001
   4.452916033661971E-001  -3.874657841189961E-001
   4.411351112649522E-001  -3.886443254785554E-001
   4.369783741387399E-001  -3.898230047233167E-001
   4.328213919823158E-001  -3.910018218653146E-001
   4.286641647904403E-001  -3.921807769165753E-001
   4.245066925578716E-001  -3.933598698891370E-001
   4.203489752793681E-001  -3.945391007950239E-001
   4.172871881231868E-001  -3.954074183501390E-001
   4.120328055636009E-001  -3.968979764549214E-001
   4.078743531158589E-001  -3.980776212329928E-001
   4.037156556012265E-001  -3.992574039925305E-001
   3.995567130144677E-001  -4.004373247455639E-001
   3.953975253503459E-001  -4.016173835041386E-001
   3.912380926036241E-001  -4.027975802802803E-001
   3.870784147690694E-001  -4.039779150860348E-001
   3.829184918414430E-001  -4.051583879334313E-001
   3.787583238155123E-001  -4.063389988345083E-001
   3.745979106860462E-001  -4.075197478013166E-001
   3.704372524478103E-001  -4.087006348458839E-001
   3.662763490955703E-001  -4.098816599802504E-001
   3.621152006241004E-001  -4.110628232164668E-001
   3.579538070281640E-001  -4.122441245665627E-001
   3.537921683025322E-001  -4.134255640425852E-001
   3.496302844419779E-001  -4.146071416565800E-001
   3.454681554412715E-001  -4.157888574205835E-001
   3.413057812951841E-001  -4.169707113466465E-001
   3.371431619984875E-001  -4.181527034468076E-001
   3.329802975459550E-001  -4.193348337331173E-001
   3.288171879323634E-001  -4.205171022176160E-001
   3.246538331524815E-001  -4.216995089123508E-001
   3.204902332010886E-001  -4.228820538293707E-001
   3.163263880729592E-001  -4.240647369807267E-001
   3.121622977628684E-001  -4.252475583784552E-001
   3.079979622655957E-001  -4.264305180346160E-001
   3.038333815759158E-001  -4.276136159612509E-001
   2.996685556886094E-001  -4.287968521704180E-001
   2.955034845984550E-001  -4.299802266741626E-001
   2.913381683002303E-001  -4.311637394845320E-001
   2.871726067887181E-001  -4.323473906135860E-001
   2.830068000586961E-001  -4.335311800733699E-001
   2.788407481049494E-001  -4.347151078759399E-001
   2.746744509222592E-001  -4.358991740333540E-001
   2.705079085054063E-001  -4.370833785576576E-001
   2.663411208491753E-001  -4.382677214609103E-001
   2.621740879483528E-001  -4.394522027551684E-001
   2.580068097977185E-001  -4.406368224524861E-001
   2.538392863920626E-001  -4.418215805649162E-001
   2.496715177261686E-001  -4.430064771045252E-001
   2.455035037948230E-001  -4.441915120833624E-001
   2.413352445928146E-001  -4.453766855134891E-001
   2.371667401149328E-001  -4.465619974069703E-001
   2.329979903559615E-001  -4.477474477758499E-001
   2.288289953106937E-001  -4.489330366322069E-001
   2.246597549739184E-001  -4.501187639880921E-001
   2.204902693404267E-001  -4.513046298555654E-001
   2.163205384050101E-001  -4.524906342466952E-001
   2.121505621624582E-001  -4.536767771735377E-001
   2.079803406075667E-001  -4.548630586481615E-001
   2.038098737351273E-001  -4.560494786826261E-001
   1.996391615399330E-001  -4.572360372889968E-001
   1.954682040167810E-001  -4.584227344793455E-001
   1.912970011604646E-001  -4.596095702657337E-001
   1.871255529657797E-001  -4.607965446602247E-001
   1.829538594275231E-001  -4.619836576748853E-001
   1.787819205404925E-001  -4.631709093217857E-001
   1.746097362994838E-001  -4.643582996129929E-001
   1.704373066992966E-001  -4.655458285605789E-001
   1.662646317347318E-001  -4.667334961766141E-001
   1.620917114005868E-001  -4.679213024731599E-001
   1.579185456916625E-001  -4.691092474622920E-001
   1.537451346027596E-001  -4.702973311560825E-001
   1.495714781286813E-001  -4.714855535666036E-001
   1.453975762642296E-001  -4.726739147059273E-001
   1.412234290042048E-001  -4.738624145861241E-001
   1.370490363434163E-001  -4.750510532192767E-001
   1.328743982766624E-001  -4.762398306174411E-001
   1.286995147987515E-001  -4.774287467927127E-001
   1.245243859044876E-001  -4.786178017571530E-001
   1.203490115886783E-001  -4.798069955228428E-001
   1.161733918461292E-001  -4.809963281018614E-001
   1.119975266716503E-001  -4.821857995062828E-001
   1.078214160600459E-001  -4.833754097481826E-001
   1.036450600061292E-001  -4.845651588396454E-001
   9.946845850470709E-002  -4.857550467927467E-001
   9.529161155058996E-002  -4.869450736195660E-001
   9.111451913859114E-002  -4.881352393321912E-001
   8.693718126351857E-002  -4.893255439426909E-001
   8.275959792018672E-002  -4.905159874631515E-001
   7.858176910340731E-002  -4.917065699056593E-001
   7.440369480799458E-002  -4.928972912822971E-001
   7.022537502876136E-002  -4.940881516051334E-001
   6.604680976052368E-002  -4.952791508862759E-001
   6.186799899809869E-002  -4.964702891377950E-001
   5.768894273629921E-002  -4.976615663717769E-001
   5.350964096994437E-002  -4.988529826003116E-001
   4.933009369385044E-002  -5.000445378354801E-001
   4.515030090283467E-002  -5.012362320893757E-001
   4.097026259171621E-002  -5.024280653740760E-001
   3.678997875531664E-002  -5.036200377016833E-001
   3.260944938845434E-002  -5.048121490842767E-001
   2.842867448595021E-002  -5.060043995339498E-001
   2.424765404262497E-002  -5.071967890627906E-001
   2.006638805330041E-002  -5.083893176828891E-001
   1.588487651280124E-002  -5.095819854063386E-001
   1.170311941594848E-002  -5.107747922452326E-001
   7.521116757567725E-003  -5.119677382116645E-001
   3.338868532483552E-003  -5.131608233177172E-001
  -8.436252644811182E-004  -5.143540475754946E-001
  -5.026364638496705E-003  -5.155474109970921E-001
  -9.209349594740290E-003  -5.167409135945924E-001
  -1.339258013838229E-002  -5.179345553801067E-001
  -1.757605627459302E-002  -5.191283363657231E-001
  -2.175977800854700E-002  -5.203222565635439E-001
  -2.594374534541521E-002  -5.215163159856537E-001
  -3.012795829036707E-002  -5.227105146441602E-001
  -3.431241684857134E-002  -5.239048525511674E-001
  -3.849712102519676E-002  -5.250993297187598E-001
  -4.268207082541220E-002  -5.262939461590523E-001
  -4.686726625438376E-002  -5.274887018841348E-001
  -5.105270731727996E-002  -5.286835969061148E-001
  -5.523839401926656E-002  -5.298786312370893E-001
  -5.942432636550921E-002  -5.310738048891608E-001
  -6.361050436117066E-002  -5.322691178744385E-001
  -6.779692801141768E-002  -5.334645702050249E-001
  -7.198359732141224E-002  -5.346601618930116E-001
  -7.617051229631944E-002  -5.358558929505151E-001
  -8.035767294129892E-002  -5.370517633896395E-001
  -8.454507926151245E-002  -5.382477732224924E-001
  -8.873273126212355E-002  -5.394439224611709E-001
  -9.292062894828901E-002  -5.406402111177933E-001
  -9.710877232517079E-002  -5.418366392044600E-001
  -1.012971613979266E-001  -5.430332067332842E-001
  -1.054857961717163E-001  -5.442299137163715E-001
  -1.096746766516935E-001  -5.454267601658405E-001
  -1.138638028430222E-001  -5.466237460937808E-001
  -1.180531747508503E-001  -5.478208715123270E-001
  -1.222427923803403E-001  -5.490181364335722E-001
  -1.264326557366433E-001  -5.502155408696385E-001
  -1.306227648249154E-001  -5.514130848326353E-001
  -1.348131196503088E-001  -5.526107683346773E-001
  -1.390037202179787E-001  -5.538085913878774E-001
  -1.431945665330745E-001  -5.550065540043523E-001
  -1.473856586007499E-001  -5.562046561962131E-001
  -1.515769964261545E-001  -5.574028979755816E-001
  -1.557685800144411E-001  -5.586012793545656E-001
  -1.599604093707573E-001  -5.597998003452869E-001
  -1.641524845002537E-001  -5.609984609598584E-001
  -1.683448054080762E-001  -5.621972612104056E-001
  -1.725373720993725E-001  -5.633962011090485E-001
  -1.767301845792932E-001  -5.645952806678967E-001
  -1.809232428529821E-001  -5.657944998990789E-001
  -1.851165469255869E-001  -5.669938588147030E-001
  -1.893100968022490E-001  -5.681933574269102E-001
  -1.935038924881153E-001  -5.693929957478066E-001
  -1.976979339883287E-001  -5.705927737895227E-001
  -2.018922213080332E-001  -5.717926915641751E-001
  -2.060867544523716E-001  -5.729927490838875E-001
  -2.102815334264825E-001  -5.741929463607924E-001
  -2.144765582355116E-001  -5.753932834070046E-001
  -2.186718288845967E-001  -5.765937602346583E-001
  -2.228673453788764E-001  -5.777943768558718E-001
  -2.270631077234929E-001  -5.789951332827759E-001
  -2.312591159235827E-001  -5.801960295274959E-001
  -2.354553699842841E-001  -5.813970656021628E-001
  -2.396518699107336E-001  -5.825982415189053E-001
  -2.438486157080685E-001  -5.837995572898453E-001
  -2.480456073814246E-001  -5.850010129271173E-001
  -2.522428449359363E-001  -5.862026084428553E-001
  -2.564403283767375E-001  -5.874043438491867E-001
  -2.606380577089642E-001  -5.886062191582422E-001
  -2.648360329377466E-001  -5.898082343821560E-001
  -2.690342540682198E-001  -5.910103895330572E-001
  -2.732327211055154E-001  -5.922126846230782E-001
  -2.774314340547630E-001  -5.934151196643622E-001
  -2.816303929210939E-001  -5.946176946690329E-001
  -2.858295977096381E-001  -5.958204096492352E-001
  -2.900290484255246E-001  -5.970232646170928E-001
  -2.942287450738828E-001  -5.982262595847505E-001
  -2.984286876598392E-001  -5.994293945643463E-001
  -3.026288761885194E-001  -6.006326695680198E-001
  -3.068293106650537E-001  -6.018360846078981E-001
  -3.110299910945660E-001  -6.030396396961297E-001
  -3.152309174821826E-001  -6.042433348448455E-001
  -3.194320898330256E-001  -6.054471700661992E-001
  -3.236335081522215E-001  -6.066511453723162E-001
  -3.278351724448916E-001  -6.078552607753451E-001
  -3.320370827161592E-001  -6.090595162874255E-001
  -3.362392389711459E-001  -6.102639119207076E-001
  -3.404416412149751E-001  -6.114684476873187E-001
  -3.446442894527628E-001  -6.126731235994214E-001
  -3.488471836896332E-001  -6.138779396691447E-001
  -3.530503239307041E-001  -6.150828959086372E-001
  -3.572537101810918E-001  -6.162879923300526E-001
  -3.614573424459171E-001  -6.174932289455271E-001
  -3.656612207302958E-001  -6.186986057672144E-001
  -3.698653450393452E-001  -6.199041228072542E-001
  -3.740697153781805E-001  -6.211097800778003E-001
  -3.782743317519184E-001  -6.223155775909941E-001
  -3.824791941656698E-001  -6.235215153589984E-001
  -3.866843026245523E-001  -6.247275933939527E-001
  -3.908896571336784E-001  -6.259338117080038E-001
  -3.950952576981597E-001  -6.271401703133126E-001
  -3.993011043231094E-001  -6.283466692220223E-001
  -4.035071970136364E-001  -6.295533084462939E-001
  -4.077135357748525E-001  -6.307600879982704E-001
  -4.119201206118681E-001  -6.319670078901112E-001
  -4.161269515297934E-001  -6.331740681339646E-001
  -4.203340285337340E-001  -6.343812687419952E-001
  -4.245413516288001E-001  -6.355886097263515E-001
  -4.287489208200976E-001  -6.367960910991855E-001
  -4.329567361127336E-001  -6.380037128726634E-001
  -4.371647975118149E-001  -6.392114750589322E-001
  -4.413731050224470E-001  -6.404193776701508E-001
  -4.455816586497308E-001  -6.416274207184909E-001
  -4.497904583987729E-001  -6.428356042160939E-001
  -4.539995042746781E-001  -6.440439281751278E-001
  -4.582087962825461E-001  -6.452523926077518E-001
  -4.624183344274806E-001  -6.464609975261215E-001
  -4.666281187145800E-001  -6.476697429424103E-001
  -4.708381491489493E-001  -6.488786288687649E-001
  -4.750484257356855E-001  -6.500876553173605E-001
  -4.792589484798882E-001  -6.512968223003490E-001
  -4.834697173866551E-001  -6.525061298299058E-001
  -4.876807324610861E-001  -6.537155779181827E-001
  -4.918919937082780E-001  -6.549251665773532E-001
  -4.961035011333255E-001  -6.561348958195818E-001
  -5.003152547413268E-001  -6.573447656570295E-001
  -5.045272545373742E-001  -6.585547761018713E-001
  -5.087395005265654E-001  -6.597649271662647E-001
  -5.129519927139925E-001  -6.609752188623883E-001
  -5.171647311047483E-001  -6.621856512024014E-001
  -5.213777157039274E-001  -6.633962241984772E-001
  -5.255909465166191E-001  -6.646069378627857E-001
  -5.298044235479178E-001  -6.658177922074930E-001
  -5.340181468029086E-001  -6.670287872447833E-001
  -5.382321162866877E-001  -6.682399229868086E-001
  -5.424463320043422E-001  -6.694511994457475E-001
  -5.466607939609571E-001  -6.706626166337859E-001
  -5.508755021616234E-001  -6.718741745630847E-001
  -5.550904566114285E-001  -6.730858732458174E-001
  -5.593056573154582E-001  -6.742977126941643E-001
  -5.635211042787993E-001  -6.755096929202900E-001
  -5.677367975065339E-001  -6.767218139363891E-001
  -5.719527370037498E-001  -6.779340757546208E-001
  -5.761689227755316E-001  -6.791464783871657E-001
  -5.803853548269571E-001  -6.803590218462077E-001
  -5.846020331631157E-001  -6.815717061439148E-001
  -5.888189577890826E-001  -6.827845312924783E-001
  -5.930361287099446E-001  -6.839974973040661E-001
  -5.972535459307760E-001  -6.852106041908748E-001
  -6.014712094566632E-001  -6.864238519650652E-001
  -6.056891192926817E-001  -6.876372406388249E-001
  -6.099072754439103E-001  -6.888507702243381E-001
  -6.141256779154276E-001  -6.900644407337886E-001
  -6.183443267123103E-001  -6.912782521793552E-001
  -6.225632218396333E-001  -6.924922045732291E-001
  -6.267823633024765E-001  -6.937062979275819E-001
  -6.310017511059105E-001  -6.949205322546135E-001
  -6.352213852550113E-001  -6.961349075664991E-001
  -6.394412657548543E-001  -6.973494238754245E-001
  -6.436613926105101E-001  -6.985640811935827E-001
  -6.478817658270533E-001  -6.997788795331559E-001
  -6.521023854095525E-001  -7.009938189063334E-001
  -6.563232513630837E-001  -7.022088993253011E-001
  -6.605443636927124E-001  -7.034241208022554E-001
  -6.647657224035111E-001  -7.046394833493785E-001
  -6.689873275005489E-001  -7.058549869788617E-001
  -6.732091789888908E-001  -7.070706317029067E-001
  -6.774312768736110E-001  -7.082864175336834E-001
  -6.816536211597701E-001  -7.095023444834041E-001
  -6.858762118524366E-001  -7.107184125642583E-001
  -6.900990489566787E-001  -7.119346217884228E-001
  -6.943221324775588E-001  -7.131509721681084E-001
  -6.985454624201413E-001  -7.143674637155062E-001
  -7.027690387894905E-001  -7.155840964428109E-001
  -7.069928615906698E-001  -7.168008703622153E-001
  -7.112169308287399E-001  -7.180177854859178E-001
  -7.154412465087647E-001  -7.192348418261148E-001
  -7.196658086358041E-001  -7.204520393950027E-001
  -7.238906172149180E-001  -7.216693782047852E-001
  -7.281156722511653E-001  -7.228868582676569E-001
  -7.323409737496072E-001  -7.241044795958160E-001
  -7.365665217152999E-001  -7.253222422014627E-001
  -7.407923161533054E-001  -7.265401460967933E-001
  -7.450183570686739E-001  -7.277581912940221E-001
  -7.492446444664656E-001  -7.289763778053420E-001
  -7.534711783517343E-001  -7.301947056429565E-001
  -7.576979587295387E-001  -7.314131748190640E-001
  -7.619249856049284E-001  -7.326317853458750E-001
  -7.661522589829592E-001  -7.338505372355932E-001
  -7.703797788686846E-001  -7.350694305004186E-001
  -7.746075452671553E-001  -7.362884651525619E-001
  -7.788355581834252E-001  -7.375076412042194E-001
  -7.830638176225404E-001  -7.387269586676162E-001
  -7.872923235895577E-001  -7.399464175549380E-001
  -7.915210760895206E-001  -7.411660178784061E-001
  -7.957500751274806E-001  -7.423857596502312E-001
  -7.999793207084867E-001  -7.436056428826081E-001
  -8.004142458483885E-001  -7.435289538418939E-001
  -8.039712120285754E-001  -7.409361513276043E-001
  -8.075279949164431E-001  -7.383435660654456E-001
  -8.110845945125651E-001  -7.357511980422249E-001
  -8.146410108175115E-001  -7.331590472447438E-001
  -8.181972438318437E-001  -7.305671136597969E-001
  -8.217532935561438E-001  -7.279753972741965E-001
  -8.253091599909734E-001  -7.253838980747336E-001
  -8.288648431369092E-001  -7.227926160482170E-001
  -8.324203429945225E-001  -7.202015511814484E-001
  -8.359756595643884E-001  -7.176107034612294E-001
  -8.395307928470837E-001  -7.150200728743652E-001
  -8.430857428431775E-001  -7.124296594076576E-001
  -8.466405095532525E-001  -7.098394630479135E-001
  -8.501950929778814E-001  -7.072494837819310E-001
  -8.537494931176515E-001  -7.046597215965296E-001
  -8.573037099731289E-001  -7.020701764784967E-001
  -8.608577435449001E-001  -6.994808484146446E-001
  -8.644115938335439E-001  -6.968917373917822E-001
  -8.679652608396431E-001  -6.943028433967093E-001
  -8.715187445637818E-001  -6.917141664162436E-001
  -8.750720450065408E-001  -6.891257064371796E-001
  -8.786251621685020E-001  -6.865374634463297E-001
  -8.821780960502543E-001  -6.839494374305026E-001
  -8.857308466523801E-001  -6.813616283765018E-001
  -8.892834139754680E-001  -6.787740362711396E-001
  -8.928357980201045E-001  -6.761866611012231E-001
  -8.963879987868804E-001  -6.735995028535662E-001
  -8.999400162763762E-001  -6.710125615149600E-001
  -9.034918504891896E-001  -6.684258370722329E-001
  -9.070435014259148E-001  -6.658393295121936E-001
  -9.105949690871293E-001  -6.632530388216384E-001
  -9.141462534734399E-001  -6.606669649873922E-001
  -9.176973545854328E-001  -6.580811079962583E-001
  -9.212482724237017E-001  -6.554954678350509E-001
  -9.247990069888461E-001  -6.529100444905822E-001
  -9.283495582814547E-001  -6.503248379496576E-001
  -9.318999263021301E-001  -6.477398481990964E-001
  -9.354501110514661E-001  -6.451550752257074E-001
  -9.390001125300642E-001  -6.425705190163065E-001
  -9.425499307385195E-001  -6.399861795577024E-001
  -9.460995656774336E-001  -6.374020568367111E-001
  -9.496490173474119E-001  -6.348181508401520E-001
  -9.531982857490460E-001  -6.322344615548268E-001
  -9.567473708829477E-001  -6.296509889675619E-001
  -9.602962727497164E-001  -6.270677330651679E-001
  -9.638449913499552E-001  -6.244846938344573E-001
  -9.673935266842708E-001  -6.219018712622511E-001
  -9.709418787532695E-001  -6.193192653353599E-001
  -9.744900475575502E-001  -6.167368760405942E-001
  -9.780380330977341E-001  -6.141547033647878E-001
  -9.815858353744185E-001  -6.115727472947459E-001
  -9.851334543882209E-001  -6.089910078172949E-001
  -9.886808901397419E-001  -6.064094849192383E-001
  -9.922281426296011E-001  -6.038281785874062E-001
  -9.957752118584036E-001  -6.012470888086092E-001
  -9.993220978267614E-001  -5.986662155696614E-001
       -1.002868800535296  -5.960855588574017E-001
       -1.006415319984614  -5.935051186586300E-001
       -1.009961656175332  -5.909248949601764E-001
       -1.013507809108066  -5.883448877488551E-001
       -1.017053778783432  -5.857650970114836E-001
       -1.020599565202054  -5.831855227348992E-001
       -1.024145168364544  -5.806061649059071E-001
       -1.027690588271515  -5.780270235113267E-001
       -1.031235824923601  -5.754480985379935E-001
       -1.034780878321412  -5.728693899727180E-001
       -1.038325748465576  -5.702908978023284E-001
       -1.041870435356713  -5.677126220136461E-001
       -1.045414938995444  -5.651345625934887E-001
       -1.048959259382398  -5.625567195286916E-001
       -1.052503396518196  -5.599790928060671E-001
       -1.056047350403467  -5.574016824124453E-001
       -1.059591121038835  -5.548244883346456E-001
       -1.063134708424930  -5.522475105594982E-001
       -1.066678112562379  -5.496707490738295E-001
       -1.070221333451808  -5.470942038644537E-001
       -1.073764371093852  -5.445178749182098E-001
       -1.077307225489139  -5.419417622219136E-001
       -1.080849896638305  -5.393658657624041E-001
       -1.084392384541973  -5.367901855264901E-001
       -1.087934689200789  -5.342147215010193E-001
       -1.091476810615377  -5.316394736728025E-001
       -1.095018748786378  -5.290644420286750E-001
       -1.098560503714424  -5.264896265554651E-001
       -1.102102075400151  -5.239150272399922E-001
       -1.105643463844205  -5.213406440691060E-001
       -1.109184669047215  -5.187664770296152E-001
       -1.112725691009822  -5.161925261083553E-001
       -1.116266529732669  -5.136187912921635E-001
       -1.119807185216395  -5.110452725678609E-001
       -1.123347657461641  -5.084719699222795E-001
       -1.126887946469054  -5.058988833422546E-001
       -1.130428052239272  -5.033260128146129E-001
       -1.133967974772940  -5.007533583261896E-001
       -1.137507714070704  -4.981809198638132E-001
       -1.141047270133213  -4.956086974143208E-001
       -1.144586642961108  -4.930366909645390E-001
       -1.148125832555042  -4.904649005013049E-001
       -1.151664838915658  -4.878933260114486E-001
       -1.155203662043606  -4.853219674818039E-001
       -1.158742301939544  -4.827508248992114E-001
       -1.162280758604113  -4.801798982504995E-001
       -1.165819032037969  -4.776091875225035E-001
       -1.169357122241763  -4.750386927020571E-001
       -1.172895029216150  -4.724684137759976E-001
       -1.176432752961782  -4.698983507311585E-001
       -1.179970293479321  -4.673285035543842E-001
       -1.183507650769414  -4.647588722325011E-001
       -1.187044824832719  -4.621894567523448E-001
       -1.190581815669901  -4.596202571007630E-001
       -1.194118623281608  -4.570512732645842E-001
       -1.197655247668506  -4.544825052306507E-001
       -1.201191688831253  -4.519139529857963E-001
       -1.204727946770512  -4.493456165168652E-001
       -1.208264021486939  -4.467774958106858E-001
       -1.211799912981205  -4.442095908541131E-001
       -1.215335621253966  -4.416419016339734E-001
       -1.218871146305889  -4.390744281371095E-001
       -1.222406488137636  -4.365071703503638E-001
       -1.225941646749879  -4.339401282605753E-001
       -1.229476622143283  -4.313733018545882E-001
       -1.233011414318514  -4.288066911192416E-001
       -1.236546023276237  -4.262402960413745E-001
       -1.240080449017126  -4.236741166078293E-001
       -1.243614691541849  -4.211081528054486E-001
       -1.247148750851079  -4.185424046210819E-001
       -1.250682626945486  -4.159768720415631E-001
       -1.254216319825739  -4.134115550537327E-001
       -1.257749829492518  -4.108464536444458E-001
       -1.261283155946491  -4.082815678005378E-001
       -1.264816299188338  -4.057168975088548E-001
       -1.268349259218734  -4.031524427562463E-001
       -1.271882036038353  -4.005882035295514E-001
       -1.275414629647874  -3.980241798156161E-001
       -1.278947040047975  -3.954603716012883E-001
       -1.282479267239336  -3.928967788734123E-001
       -1.286011311222636  -3.903334016188342E-001
       -1.289543171998556  -3.877702398244018E-001
       -1.293074849567776  -3.852072934769613E-001
       -1.296606343930983  -3.826445625633603E-001
       -1.300137655088854  -3.800820470704451E-001
       -1.303668783042080  -3.775197469850706E-001
       -1.307199727791341  -3.749576622940740E-001
       -1.310730489337323  -3.723957929843120E-001
       -1.314261067680715  -3.698341390426307E-001
       -1.317791462822203  -3.672727004558798E-001
       -1.321321674762479  -3.647114772109159E-001
       -1.324851703502226  -3.621504692945781E-001
       -1.328381549042138  -3.595896766937248E-001
       -1.331911211382900  -3.570290993951968E-001
       -1.335440690525211  -3.544687373858579E-001
       -1.338969986469763  -3.519085906525543E-001
       -1.342499099217244  -3.493486591821373E-001
       -1.346028028768352  -3.467889429614566E-001
       -1.349556775123777  -3.442294419773671E-001
       -1.353085338284221  -3.416701562167237E-001
       -1.356613718250376  -3.391110856663744E-001
       -1.360141915022944  -3.365522303131812E-001
       -1.363669928602620  -3.339935901439901E-001
       -1.367197758990103  -3.314351651456615E-001
       -1.370725406186092  -3.288769553050432E-001
       -1.374252870191292  -3.263189606089991E-001
       -1.377780151006397  -3.237611810443699E-001
       -1.381307248632120  -3.212036165980319E-001
       -1.384834163069151  -3.186462672568204E-001
       -1.388360894318207  -3.160891330076048E-001
       -1.391887442379983  -3.135322138372363E-001
       -1.395413807255192  -3.109755097325788E-001
       -1.398939988944534  -3.084190206804784E-001
       -1.402465987448723  -3.058627466678043E-001
       -1.405991802768459  -3.033066876814043E-001
       -1.409517434904458  -3.007508437081441E-001
       -1.413042883857429  -2.981952147348821E-001
       -1.416568149628080  -2.956398007484768E-001
       -1.420093232217121  -2.930846017357816E-001
       -1.423618131625266  -2.905296176836600E-001
       -1.427142847853233  -2.879748485789797E-001
       -1.430667380901729  -2.854202944085902E-001
       -1.434191730771472  -2.828659551593553E-001
       -1.437715897463176  -2.803118308181407E-001
       -1.441239880977560  -2.777579213718049E-001
       -1.444763681315339  -2.752042268072099E-001
       -1.448287298477231  -2.726507471112143E-001
       -1.451810732463958  -2.700974822706890E-001
       -1.455333983276237  -2.675444322724960E-001
       -1.458857050914785  -2.649915971034833E-001
       -1.462379935380327  -2.624389767505324E-001
       -1.465902636673588  -2.598865712005001E-001
       -1.469425154795292  -2.573343804402537E-001
       -1.472947489746153  -2.547824044566518E-001
       -1.476469641526907  -2.522306432365671E-001
       -1.479991610138271  -2.496790967668598E-001
       -1.483513395580975  -2.471277650343957E-001
       -1.487034997855746  -2.445766480260403E-001
       -1.490556416963312  -2.420257457286628E-001
       -1.494077652904403  -2.394750581291323E-001
       -1.497598705679746  -2.369245852143109E-001
       -1.501119575290073  -2.343743269710679E-001
       -1.504640261736114  -2.318242833862705E-001
       -1.508160765018602  -2.292744544467844E-001
       -1.511681085138274  -2.267248401394859E-001
       -1.515201222095856  -2.241754404512353E-001
       -1.518721175892086  -2.216262553689070E-001
       -1.522240946527700  -2.190772848793667E-001
       -1.525760534003435  -2.165285289694889E-001
       -1.529279938320025  -2.139799876261392E-001
       -1.532799159478211  -2.114316608361904E-001
       -1.536318197478733  -2.088835485865204E-001
       -1.539837052322325  -2.063356508639842E-001
       -1.543355724009730  -2.037879676554653E-001
       -1.546874212541691  -2.012404989478362E-001
       -1.550392517918948  -1.986932447279628E-001
       -1.553910640142242  -1.961462049827176E-001
       -1.557428579212321  -1.935993796989841E-001
       -1.560946335129927  -1.910527688636261E-001
       -1.564463907895805  -1.885063724635163E-001
       -1.567981297510705  -1.859601904855381E-001
       -1.571498503975366  -1.834142229165590E-001
       -1.575015527290543  -1.808684697434515E-001
       -1.578532367456982  -1.783229309530974E-001
       -1.582049024475431  -1.757776065323657E-001
       -1.585565498346642  -1.732324964681347E-001
       -1.589081789071368  -1.706876007472875E-001
       -1.592597896650352  -1.681429193566846E-001
       -1.596113821084360  -1.655984522832217E-001
       -1.599629562374134  -1.630541995137609E-001
       -1.603145120520435  -1.605101610351873E-001
       -1.606660495524017  -1.579663368343809E-001
       -1.610175687385635  -1.554227268982142E-001
       -1.613690696106045  -1.528793312135672E-001
       -1.617205521686003  -1.503361497673161E-001
       -1.620720164126274  -1.477931825463479E-001
       -1.624234623427613  -1.452504295375405E-001
       -1.627748899590778  -1.427078907277668E-001
       -1.631262992616533  -1.401655661039154E-001
       -1.634776902505640  -1.376234556528608E-001
       -1.638290629258857  -1.350815593614847E-001
       -1.641804172876952  -1.325398772166722E-001
       -1.645317533360692  -1.299984092053066E-001
       -1.648830710710835  -1.274571553142643E-001
       -1.652343704928149  -1.249161155304286E-001
       -1.655856516013405  -1.223752898406882E-001
       -1.659369143967363  -1.198346782319160E-001
       -1.662881588790798  -1.172942806910076E-001
       -1.666393850484475  -1.147540972048358E-001
       -1.669905929049165  -1.122141277602893E-001
       -1.673417824485642  -1.096743723442586E-001
       -1.676929536794670  -1.071348309436164E-001
       -1.680441065977028  -1.045955035452604E-001
       -1.683952412033489  -1.020563901360703E-001
       -1.687463574964823  -9.951749070292593E-002
       -1.690974554771809  -9.697880523272673E-002
       -1.694485351455221  -9.444033371235072E-002
       -1.697995965015832  -9.190207612868306E-002
       -1.701506395454426  -8.936403246861779E-002
       -1.705016642771778  -8.682620271904362E-002
       -1.708526706968663  -8.428858686683505E-002
       -1.712036588045868  -8.175118489889854E-002
       -1.715546286004172  -7.921399680211394E-002
       -1.719055800844351  -7.667702256336639E-002
       -1.722565132567194  -7.414026216955172E-002
       -1.726074281173478  -7.160371560755863E-002
       -1.729583246663990  -6.906738286427405E-002
       -1.733092029039516  -6.653126392659381E-002
       -1.736600628300838  -6.399535878140483E-002
       -1.740109044448748  -6.145966741560294E-002
       -1.743617277484025  -5.892418981606973E-002
       -1.747125327407463  -5.638892596970635E-002
       -1.750633194219852  -5.385387586340329E-002
       -1.754140877921975  -5.131903948405281E-002
       -1.757648378514627  -4.878441681854540E-002
       -1.761155695998601  -4.625000785377864E-002
       -1.764662830374685  -4.371581257664303E-002
       -1.768169781643673  -4.118183097403438E-002
       -1.771676549806360  -3.864806303284318E-002
       -1.775183134863541  -3.611450873997057E-002
       -1.778689536816010  -3.358116808230882E-002
       -1.782195755664559  -3.104804104674841E-002
       -1.785701791409995  -2.851512762019759E-002
       -1.789207644053107  -2.598242778953974E-002
       -1.792713313594695  -2.344994154167246E-002
       -1.796218800035564  -2.091766886350222E-002
       -1.799724103376509  -1.838560974191950E-002
       -1.803229223618329  -1.585376416382012E-002
       -1.806734160761832  -1.332213211610522E-002
       -1.810238914807817  -1.079071358567418E-002
       -1.813743485757091  -8.259508559424589E-003
       -1.817247873610456  -5.728517024255808E-003
       -1.820752078368716  -3.197738967065433E-003
       -1.825179781933628   3.223917754979766E-008
